45,4
44,1
44,3
14,4
45,1
45,3
10,163
10,113
10,93
10,157
10,99
10,259
10,305
10,91
11,17
11,20
11,13
11,25
11,8
11,22
11,2
11,3
9,5
9,1
9,7
9,2
9,3
8,14
8,7
8,9
8,15
8,18
8,1
8,4
8,2
8,3
12,2
12,1
12,3
20,2
20,1
20,3
19,2
19,1
19,3
60,5
60,4
60,3
60,2
60,1
60,0
58,6
58,5
58,4
58,3
58,2
58,1
58,0
56,5
56,4
56,3
18,1
56,2
18,3
56,1
56,0
53,3
53,2
53,1
14,1
53,0
14,5
51,4
51,3
14,3
13,1
51,2
13,3
51,1
51,0
50,5
50,4
50,3
50,2
50,1
50,0
49,5
49,4
49,3
49,2
49,1
49,0
32,1
32,3
32,2
24,3
24,2
2,2
24,1
2,1
14,2
2,3
14,0
11,29
11,26
11,24
11,15
11,9
11,7
11,4
